/* 執行後之結果如下 : 
           **********  外力Ft  **********
         時間(秒)         第0點           第1點
        0.00000         13.45000         -3.75000
        0.50000         11.42138         -2.74250
        1.00000          9.35560         -1.72252
        1.50000          7.25280         -0.69012
        2.00000          5.11326          0.35463
        2.50000         11.42138         -2.74250
        3.00000          9.35560         -1.72252
        3.50000          7.25280         -0.69012
        4.00000         13.45000         -3.75000
        4.50000         11.42138         -2.74250
        5.00000          9.35560         -1.72252
        5.50000          7.25280         -0.69012
        6.00000         13.45000         -3.75000
        6.50000         11.42138         -2.74250
        7.00000          9.35560         -1.72252
        7.50000          7.25280         -0.69012
        8.00000         13.45000         -3.75000
        8.50000         11.42138         -2.74250
        9.00000          9.35560         -1.72252
        9.50000          7.25280         -0.69012
       10.00000         13.45000         -3.75000
       10.50000         11.42138         -2.74250
       11.00000          9.35560         -1.72252
       11.50000          7.25280         -0.69012
       12.00000         13.45000         -3.75000
       12.50000         11.42138         -2.74250
       13.00000          9.35560         -1.72252
       13.50000          7.25280         -0.69012
       14.00000         13.45000         -3.75000
       14.50000         11.42138         -2.74250
       15.00000          9.35560         -1.72252
       15.50000          7.25280         -0.69012
       16.00000         13.45000         -3.75000
       16.50000         11.42138         -2.74250
       17.00000          9.35560         -1.72252
       17.50000          7.25280         -0.69012
       18.00000         13.45000         -3.75000
       18.50000         11.42138         -2.74250
       19.00000          9.35560         -1.72252
       19.50000          7.25280         -0.69012
       20.00000         13.45000         -3.75000
       20.50000         11.42138         -2.74250
       21.00000          9.35560         -1.72252
       21.50000          7.25280         -0.69012
       22.00000         13.45000         -3.75000
       22.50000         11.42138         -2.74250
       23.00000          9.35560         -1.72252
       23.50000          7.25280         -0.69012
       24.00000         13.45000         -3.75000
       24.50000         11.42138         -2.74250
       25.00000          9.35560         -1.72252
       25.50000          7.25280         -0.69012
       26.00000         13.45000         -3.75000
       26.50000         11.42138         -2.74250
       27.00000          9.35560         -1.72252
       27.50000          7.25280         -0.69012
       28.00000         13.45000         -3.75000
       28.50000         11.42138         -2.74250
       29.00000          9.35560         -1.72252
       29.50000          7.25280         -0.69012
       30.00000         13.45000         -3.75000
       30.50000         11.42138         -2.74250
       31.00000          9.35560         -1.72252
       31.50000          7.25280         -0.69012
       32.00000         13.45000         -3.75000
       32.50000         11.42138         -2.74250
       33.00000          9.35560         -1.72252
       33.50000          7.25280         -0.69012
       34.00000         13.45000         -3.75000
       34.50000         11.42138         -2.74250
       35.00000          9.35560         -1.72252
       35.50000          7.25280         -0.69012
       36.00000         13.45000         -3.75000
       36.50000         11.42138         -2.74250
       37.00000          9.35560         -1.72252
       37.50000          7.25280         -0.69012
       38.00000         13.45000         -3.75000
       38.50000         11.42138         -2.74250
       39.00000          9.35560         -1.72252
       39.50000          7.25280         -0.69012
       40.00000         13.45000         -3.75000
       40.50000         11.42138         -2.74250
       41.00000          9.35560         -1.72252
       41.50000          7.25280         -0.69012
       42.00000         13.45000         -3.75000
       42.50000         11.42138         -2.74250
       43.00000          9.35560         -1.72252
       43.50000          7.25280         -0.69012
       44.00000         13.45000         -3.75000
       44.50000         11.42138         -2.74250
       45.00000          9.35560         -1.72252
       45.50000          7.25280         -0.69012
       46.00000         13.45000         -3.75000
       46.50000         11.42138         -2.74250
       47.00000          9.35560         -1.72252
       47.50000          7.25280         -0.69012
       48.00000         13.45000         -3.75000
       48.50000         11.42138         -2.74250
       49.00000          9.35560         -1.72252
       49.50000          7.25280         -0.69012
       50.00000         13.45000         -3.75000

時間序列
   0.0000,    0.5000,    1.0000,    1.5000,    2.0000,
   2.5000,    3.0000,    3.5000,    4.0000,    4.5000,
   5.0000,    5.5000,    6.0000,    6.5000,    7.0000,
   7.5000,    8.0000,    8.5000,    9.0000,    9.5000,
  10.0000,   10.5000,   11.0000,   11.5000,   12.0000,
  12.5000,   13.0000,   13.5000,   14.0000,   14.5000,
  15.0000,   15.5000,   16.0000,   16.5000,   17.0000,
  17.5000,   18.0000,   18.5000,   19.0000,   19.5000,
  20.0000,   20.5000,   21.0000,   21.5000,   22.0000,
  22.5000,   23.0000,   23.5000,   24.0000,   24.5000,
  25.0000,   25.5000,   26.0000,   26.5000,   27.0000,
  27.5000,   28.0000,   28.5000,   29.0000,   29.5000,
  30.0000,   30.5000,   31.0000,   31.5000,   32.0000,
  32.5000,   33.0000,   33.5000,   34.0000,   34.5000,
  35.0000,   35.5000,   36.0000,   36.5000,   37.0000,
  37.5000,   38.0000,   38.5000,   39.0000,   39.5000,
  40.0000,   40.5000,   41.0000,   41.5000,   42.0000,
  42.5000,   43.0000,   43.5000,   44.0000,   44.5000,
  45.0000,   45.5000,   46.0000,   46.5000,   47.0000,
  47.5000,   48.0000,   48.5000,   49.0000,   49.5000,
  50.0000,

第0點外力序列
  13.4500,   11.4214,    9.3556,    7.2528,    5.1133,
  11.4214,    9.3556,    7.2528,   13.4500,   11.4214,
   9.3556,    7.2528,   13.4500,   11.4214,    9.3556,
   7.2528,   13.4500,   11.4214,    9.3556,    7.2528,
  13.4500,   11.4214,    9.3556,    7.2528,   13.4500,
  11.4214,    9.3556,    7.2528,   13.4500,   11.4214,
   9.3556,    7.2528,   13.4500,   11.4214,    9.3556,
   7.2528,   13.4500,   11.4214,    9.3556,    7.2528,
  13.4500,   11.4214,    9.3556,    7.2528,   13.4500,
  11.4214,    9.3556,    7.2528,   13.4500,   11.4214,
   9.3556,    7.2528,   13.4500,   11.4214,    9.3556,
   7.2528,   13.4500,   11.4214,    9.3556,    7.2528,
  13.4500,   11.4214,    9.3556,    7.2528,   13.4500,
  11.4214,    9.3556,    7.2528,   13.4500,   11.4214,
   9.3556,    7.2528,   13.4500,   11.4214,    9.3556,
   7.2528,   13.4500,   11.4214,    9.3556,    7.2528,
  13.4500,   11.4214,    9.3556,    7.2528,   13.4500,
  11.4214,    9.3556,    7.2528,   13.4500,   11.4214,
   9.3556,    7.2528,   13.4500,   11.4214,    9.3556,
   7.2528,   13.4500,   11.4214,    9.3556,    7.2528,
  13.4500,

第1點外力序列
  -3.7500,   -2.7425,   -1.7225,   -0.6901,    0.3546,
  -2.7425,   -1.7225,   -0.6901,   -3.7500,   -2.7425,
  -1.7225,   -0.6901,   -3.7500,   -2.7425,   -1.7225,
  -0.6901,   -3.7500,   -2.7425,   -1.7225,   -0.6901,
  -3.7500,   -2.7425,   -1.7225,   -0.6901,   -3.7500,
  -2.7425,   -1.7225,   -0.6901,   -3.7500,   -2.7425,
  -1.7225,   -0.6901,   -3.7500,   -2.7425,   -1.7225,
  -0.6901,   -3.7500,   -2.7425,   -1.7225,   -0.6901,
  -3.7500,   -2.7425,   -1.7225,   -0.6901,   -3.7500,
  -2.7425,   -1.7225,   -0.6901,   -3.7500,   -2.7425,
  -1.7225,   -0.6901,   -3.7500,   -2.7425,   -1.7225,
  -0.6901,   -3.7500,   -2.7425,   -1.7225,   -0.6901,
  -3.7500,   -2.7425,   -1.7225,   -0.6901,   -3.7500,
  -2.7425,   -1.7225,   -0.6901,   -3.7500,   -2.7425,
  -1.7225,   -0.6901,   -3.7500,   -2.7425,   -1.7225,
  -0.6901,   -3.7500,   -2.7425,   -1.7225,   -0.6901,
  -3.7500,   -2.7425,   -1.7225,   -0.6901,   -3.7500,
  -2.7425,   -1.7225,   -0.6901,   -3.7500,   -2.7425,
  -1.7225,   -0.6901,   -3.7500,   -2.7425,   -1.7225,
  -0.6901,   -3.7500,   -2.7425,   -1.7225,   -0.6901,
  -3.7500,

     ***位移反應量***
        時間(秒)        第0點位移        第1點位移
        0.00000          5.00000          1.00000
        0.50000          4.49375          1.50000
        1.00000          3.97502          2.00000
        1.50000          3.44386          2.50000
        2.00000          2.90033          3.00000
        2.50000          4.49375          1.50000
        3.00000          3.97502          2.00000
        3.50000          3.44386          2.50000
        4.00000          5.00000          1.00000
        4.50000          4.49375          1.50000
        5.00000          3.97502          2.00000
        5.50000          3.44386          2.50000
        6.00000          5.00000          1.00000
        6.50000          4.49375          1.50000
        7.00000          3.97502          2.00000
        7.50000          3.44386          2.50000
        8.00000          5.00000          1.00000
        8.50000          4.49375          1.50000
        9.00000          3.97502          2.00000
        9.50000          3.44386          2.50000
       10.00000          5.00000          1.00000
       10.50000          4.49375          1.50000
       11.00000          3.97502          2.00000
       11.50000          3.44386          2.50000
       12.00000          5.00000          1.00000
       12.50000          4.49375          1.50000
       13.00000          3.97502          2.00000
       13.50000          3.44386          2.50000
       14.00000          5.00000          1.00000
       14.50000          4.49375          1.50000
       15.00000          3.97502          2.00000
       15.50000          3.44386          2.50000
       16.00000          5.00000          1.00000
       16.50000          4.49375          1.50000
       17.00000          3.97502          2.00000
       17.50000          3.44386          2.50000
       18.00000          5.00000          1.00000
       18.50000          4.49375          1.50000
       19.00000          3.97502          2.00000
       19.50000          3.44386          2.50000
       20.00000          5.00000          1.00000
       20.50000          4.49375          1.50000
       21.00000          3.97502          2.00000
       21.50000          3.44386          2.50000
       22.00000          5.00000          1.00000
       22.50000          4.49375          1.50000
       23.00000          3.97502          2.00000
       23.50000          3.44386          2.50000
       24.00000          5.00000          1.00000
       24.50000          4.49375          1.50000
       25.00000          3.97502          2.00000
       25.50000          3.44386          2.50000
       26.00000          5.00000          1.00000
       26.50000          4.49375          1.50000
       27.00000          3.97502          2.00000
       27.50000          3.44386          2.50000
       28.00000          5.00000          1.00000
       28.50000          4.49375          1.50000
       29.00000          3.97502          2.00000
       29.50000          3.44386          2.50000
       30.00000          5.00000          1.00000
       30.50000          4.49375          1.50000
       31.00000          3.97502          2.00000
       31.50000          3.44386          2.50000
       32.00000          5.00000          1.00000
       32.50000          4.49375          1.50000
       33.00000          3.97502          2.00000
       33.50000          3.44386          2.50000
       34.00000          5.00000          1.00000
       34.50000          4.49375          1.50000
       35.00000          3.97502          2.00000
       35.50000          3.44386          2.50000
       36.00000          5.00000          1.00000
       36.50000          4.49375          1.50000
       37.00000          3.97502          2.00000
       37.50000          3.44386          2.50000
       38.00000          5.00000          1.00000
       38.50000          4.49375          1.50000
       39.00000          3.97502          2.00000
       39.50000          3.44386          2.50000
       40.00000          5.00000          1.00000
       40.50000          4.49375          1.50000
       41.00000          3.97502          2.00000
       41.50000          3.44386          2.50000
       42.00000          5.00000          1.00000
       42.50000          4.49375          1.50000
       43.00000          3.97502          2.00000
       43.50000          3.44386          2.50000
       44.00000          5.00000          1.00000
       44.50000          4.49375          1.50000
       45.00000          3.97502          2.00000
       45.50000          3.44386          2.50000
       46.00000          5.00000          1.00000
       46.50000          4.49375          1.50000
       47.00000          3.97502          2.00000
       47.50000          3.44386          2.50000
       48.00000          5.00000          1.00000
       48.50000          4.49375          1.50000
       49.00000          3.97502          2.00000
       49.50000          3.44386          2.50000
       50.00000          5.00000          1.00000

     ***速度反應量***
        時間(秒)        第0點速度        第1點速度
        0.00000         -1.00000          1.00000
        0.50000         -1.02499          1.00000
        1.00000         -1.04992          1.00000
        1.50000         -1.07472          1.00000
        2.00000         -1.09933          1.00000
        2.50000         -1.02499          1.00000
        3.00000         -1.04992          1.00000
        3.50000         -1.07472          1.00000
        4.00000         -1.00000          1.00000
        4.50000         -1.02499          1.00000
        5.00000         -1.04992          1.00000
        5.50000         -1.07472          1.00000
        6.00000         -1.00000          1.00000
        6.50000         -1.02499          1.00000
        7.00000         -1.04992          1.00000
        7.50000         -1.07472          1.00000
        8.00000         -1.00000          1.00000
        8.50000         -1.02499          1.00000
        9.00000         -1.04992          1.00000
        9.50000         -1.07472          1.00000
       10.00000         -1.00000          1.00000
       10.50000         -1.02499          1.00000
       11.00000         -1.04992          1.00000
       11.50000         -1.07472          1.00000
       12.00000         -1.00000          1.00000
       12.50000         -1.02499          1.00000
       13.00000         -1.04992          1.00000
       13.50000         -1.07472          1.00000
       14.00000         -1.00000          1.00000
       14.50000         -1.02499          1.00000
       15.00000         -1.04992          1.00000
       15.50000         -1.07472          1.00000
       16.00000         -1.00000          1.00000
       16.50000         -1.02499          1.00000
       17.00000         -1.04992          1.00000
       17.50000         -1.07472          1.00000
       18.00000         -1.00000          1.00000
       18.50000         -1.02499          1.00000
       19.00000         -1.04992          1.00000
       19.50000         -1.07472          1.00000
       20.00000         -1.00000          1.00000
       20.50000         -1.02499          1.00000
       21.00000         -1.04992          1.00000
       21.50000         -1.07472          1.00000
       22.00000         -1.00000          1.00000
       22.50000         -1.02499          1.00000
       23.00000         -1.04992          1.00000
       23.50000         -1.07472          1.00000
       24.00000         -1.00000          1.00000
       24.50000         -1.02499          1.00000
       25.00000         -1.04992          1.00000
       25.50000         -1.07472          1.00000
       26.00000         -1.00000          1.00000
       26.50000         -1.02499          1.00000
       27.00000         -1.04992          1.00000
       27.50000         -1.07472          1.00000
       28.00000         -1.00000          1.00000
       28.50000         -1.02499          1.00000
       29.00000         -1.04992          1.00000
       29.50000         -1.07472          1.00000
       30.00000         -1.00000          1.00000
       30.50000         -1.02499          1.00000
       31.00000         -1.04992          1.00000
       31.50000         -1.07472          1.00000
       32.00000         -1.00000          1.00000
       32.50000         -1.02499          1.00000
       33.00000         -1.04992          1.00000
       33.50000         -1.07472          1.00000
       34.00000         -1.00000          1.00000
       34.50000         -1.02499          1.00000
       35.00000         -1.04992          1.00000
       35.50000         -1.07472          1.00000
       36.00000         -1.00000          1.00000
       36.50000         -1.02499          1.00000
       37.00000         -1.04992          1.00000
       37.50000         -1.07472          1.00000
       38.00000         -1.00000          1.00000
       38.50000         -1.02499          1.00000
       39.00000         -1.04992          1.00000
       39.50000         -1.07472          1.00000
       40.00000         -1.00000          1.00000
       40.50000         -1.02499          1.00000
       41.00000         -1.04992          1.00000
       41.50000         -1.07472          1.00000
       42.00000         -1.00000          1.00000
       42.50000         -1.02499          1.00000
       43.00000         -1.04992          1.00000
       43.50000         -1.07472          1.00000
       44.00000         -1.00000          1.00000
       44.50000         -1.02499          1.00000
       45.00000         -1.04992          1.00000
       45.50000         -1.07472          1.00000
       46.00000         -1.00000          1.00000
       46.50000         -1.02499          1.00000
       47.00000         -1.04992          1.00000
       47.50000         -1.07472          1.00000
       48.00000         -1.00000          1.00000
       48.50000         -1.02499          1.00000
       49.00000         -1.04992          1.00000
       49.50000         -1.07472          1.00000
       50.00000         -1.00000          1.00000

***     加速度反應量     ***
        時間(秒)        第0點加速度       第1點加速度
        0.00000         -0.05000          0.00000
        0.50000         -0.04994          0.00000
        1.00000         -0.04975          0.00000
        1.50000         -0.04944          0.00000
        2.00000         -0.04900          0.00000
        2.50000         -0.04994          0.00000
        3.00000         -0.04975          0.00000
        3.50000         -0.04944          0.00000
        4.00000         -0.05000          0.00000
        4.50000         -0.04994          0.00000
        5.00000         -0.04975          0.00000
        5.50000         -0.04944          0.00000
        6.00000         -0.05000          0.00000
        6.50000         -0.04994          0.00000
        7.00000         -0.04975          0.00000
        7.50000         -0.04944          0.00000
        8.00000         -0.05000          0.00000
        8.50000         -0.04994          0.00000
        9.00000         -0.04975          0.00000
        9.50000         -0.04944          0.00000
       10.00000         -0.05000          0.00000
       10.50000         -0.04994          0.00000
       11.00000         -0.04975          0.00000
       11.50000         -0.04944          0.00000
       12.00000         -0.05000          0.00000
       12.50000         -0.04994          0.00000
       13.00000         -0.04975          0.00000
       13.50000         -0.04944          0.00000
       14.00000         -0.05000          0.00000
       14.50000         -0.04994          0.00000
       15.00000         -0.04975          0.00000
       15.50000         -0.04944          0.00000
       16.00000         -0.05000          0.00000
       16.50000         -0.04994          0.00000
       17.00000         -0.04975          0.00000
       17.50000         -0.04944          0.00000
       18.00000         -0.05000          0.00000
       18.50000         -0.04994          0.00000
       19.00000         -0.04975          0.00000
       19.50000         -0.04944          0.00000
       20.00000         -0.05000          0.00000
       20.50000         -0.04994          0.00000
       21.00000         -0.04975          0.00000
       21.50000         -0.04944          0.00000
       22.00000         -0.05000          0.00000
       22.50000         -0.04994          0.00000
       23.00000         -0.04975          0.00000
       23.50000         -0.04944          0.00000
       24.00000         -0.05000          0.00000
       24.50000         -0.04994          0.00000
       25.00000         -0.04975          0.00000
       25.50000         -0.04944          0.00000
       26.00000         -0.05000          0.00000
       26.50000         -0.04994          0.00000
       27.00000         -0.04975          0.00000
       27.50000         -0.04944          0.00000
       28.00000         -0.05000          0.00000
       28.50000         -0.04994          0.00000
       29.00000         -0.04975          0.00000
       29.50000         -0.04944          0.00000
       30.00000         -0.05000          0.00000
       30.50000         -0.04994          0.00000
       31.00000         -0.04975          0.00000
       31.50000         -0.04944          0.00000
       32.00000         -0.05000          0.00000
       32.50000         -0.04994          0.00000
       33.00000         -0.04975          0.00000
       33.50000         -0.04944          0.00000
       34.00000         -0.05000          0.00000
       34.50000         -0.04994          0.00000
       35.00000         -0.04975          0.00000
       35.50000         -0.04944          0.00000
       36.00000         -0.05000          0.00000
       36.50000         -0.04994          0.00000
       37.00000         -0.04975          0.00000
       37.50000         -0.04944          0.00000
       38.00000         -0.05000          0.00000
       38.50000         -0.04994          0.00000
       39.00000         -0.04975          0.00000
       39.50000         -0.04944          0.00000
       40.00000         -0.05000          0.00000
       40.50000         -0.04994          0.00000
       41.00000         -0.04975          0.00000
       41.50000         -0.04944          0.00000
       42.00000         -0.05000          0.00000
       42.50000         -0.04994          0.00000
       43.00000         -0.04975          0.00000
       43.50000         -0.04944          0.00000
       44.00000         -0.05000          0.00000
       44.50000         -0.04994          0.00000
       45.00000         -0.04975          0.00000
       45.50000         -0.04944          0.00000
       46.00000         -0.05000          0.00000
       46.50000         -0.04994          0.00000
       47.00000         -0.04975          0.00000
       47.50000         -0.04944          0.00000
       48.00000         -0.05000          0.00000
       48.50000         -0.04994          0.00000
       49.00000         -0.04975          0.00000
       49.50000         -0.04944          0.00000
       50.00000         -0.05000          0.00000

時間序列
   0.0000,   0.5000,   1.0000,   1.5000,   2.0000,
   2.5000,   3.0000,   3.5000,   4.0000,   4.5000,
   5.0000,   5.5000,   6.0000,   6.5000,   7.0000,
   7.5000,   8.0000,   8.5000,   9.0000,   9.5000,
  10.0000,  10.5000,  11.0000,  11.5000,  12.0000,
  12.5000,  13.0000,  13.5000,  14.0000,  14.5000,
  15.0000,  15.5000,  16.0000,  16.5000,  17.0000,
  17.5000,  18.0000,  18.5000,  19.0000,  19.5000,
  20.0000,  20.5000,  21.0000,  21.5000,  22.0000,
  22.5000,  23.0000,  23.5000,  24.0000,  24.5000,
  25.0000,  25.5000,  26.0000,  26.5000,  27.0000,
  27.5000,  28.0000,  28.5000,  29.0000,  29.5000,
  30.0000,  30.5000,  31.0000,  31.5000,  32.0000,
  32.5000,  33.0000,  33.5000,  34.0000,  34.5000,
  35.0000,  35.5000,  36.0000,  36.5000,  37.0000,
  37.5000,  38.0000,  38.5000,  39.0000,  39.5000,
  40.0000,  40.5000,  41.0000,  41.5000,  42.0000,
  42.5000,  43.0000,  43.5000,  44.0000,  44.5000,
  45.0000,  45.5000,  46.0000,  46.5000,  47.0000,
  47.5000,  48.0000,  48.5000,  49.0000,  49.5000,
  50.0000,

第0點變位序列
   5.0000,   4.4938,   3.9750,   3.4439,   2.9003,
   4.4938,   3.9750,   3.4439,   5.0000,   4.4938,
   3.9750,   3.4439,   5.0000,   4.4938,   3.9750,
   3.4439,   5.0000,   4.4938,   3.9750,   3.4439,
   5.0000,   4.4938,   3.9750,   3.4439,   5.0000,
   4.4938,   3.9750,   3.4439,   5.0000,   4.4938,
   3.9750,   3.4439,   5.0000,   4.4938,   3.9750,
   3.4439,   5.0000,   4.4938,   3.9750,   3.4439,
   5.0000,   4.4938,   3.9750,   3.4439,   5.0000,
   4.4938,   3.9750,   3.4439,   5.0000,   4.4938,
   3.9750,   3.4439,   5.0000,   4.4938,   3.9750,
   3.4439,   5.0000,   4.4938,   3.9750,   3.4439,
   5.0000,   4.4938,   3.9750,   3.4439,   5.0000,
   4.4938,   3.9750,   3.4439,   5.0000,   4.4938,
   3.9750,   3.4439,   5.0000,   4.4938,   3.9750,
   3.4439,   5.0000,   4.4938,   3.9750,   3.4439,
   5.0000,   4.4938,   3.9750,   3.4439,   5.0000,
   4.4938,   3.9750,   3.4439,   5.0000,   4.4938,
   3.9750,   3.4439,   5.0000,   4.4938,   3.9750,
   3.4439,   5.0000,   4.4938,   3.9750,   3.4439,
   5.0000,

第1點變位序列
   1.0000,   1.5000,   2.0000,   2.5000,   3.0000,
   1.5000,   2.0000,   2.5000,   1.0000,   1.5000,
   2.0000,   2.5000,   1.0000,   1.5000,   2.0000,
   2.5000,   1.0000,   1.5000,   2.0000,   2.5000,
   1.0000,   1.5000,   2.0000,   2.5000,   1.0000,
   1.5000,   2.0000,   2.5000,   1.0000,   1.5000,
   2.0000,   2.5000,   1.0000,   1.5000,   2.0000,
   2.5000,   1.0000,   1.5000,   2.0000,   2.5000,
   1.0000,   1.5000,   2.0000,   2.5000,   1.0000,
   1.5000,   2.0000,   2.5000,   1.0000,   1.5000,
   2.0000,   2.5000,   1.0000,   1.5000,   2.0000,
   2.5000,   1.0000,   1.5000,   2.0000,   2.5000,
   1.0000,   1.5000,   2.0000,   2.5000,   1.0000,
   1.5000,   2.0000,   2.5000,   1.0000,   1.5000,
   2.0000,   2.5000,   1.0000,   1.5000,   2.0000,
   2.5000,   1.0000,   1.5000,   2.0000,   2.5000,
   1.0000,   1.5000,   2.0000,   2.5000,   1.0000,
   1.5000,   2.0000,   2.5000,   1.0000,   1.5000,
   2.0000,   2.5000,   1.0000,   1.5000,   2.0000,
   2.5000,   1.0000,   1.5000,   2.0000,   2.5000,
   1.0000,

第0點速度序列
  -1.0000,  -1.0250,  -1.0499,  -1.0747,  -1.0993,
  -1.0250,  -1.0499,  -1.0747,  -1.0000,  -1.0250,
  -1.0499,  -1.0747,  -1.0000,  -1.0250,  -1.0499,
  -1.0747,  -1.0000,  -1.0250,  -1.0499,  -1.0747,
  -1.0000,  -1.0250,  -1.0499,  -1.0747,  -1.0000,
  -1.0250,  -1.0499,  -1.0747,  -1.0000,  -1.0250,
  -1.0499,  -1.0747,  -1.0000,  -1.0250,  -1.0499,
  -1.0747,  -1.0000,  -1.0250,  -1.0499,  -1.0747,
  -1.0000,  -1.0250,  -1.0499,  -1.0747,  -1.0000,
  -1.0250,  -1.0499,  -1.0747,  -1.0000,  -1.0250,
  -1.0499,  -1.0747,  -1.0000,  -1.0250,  -1.0499,
  -1.0747,  -1.0000,  -1.0250,  -1.0499,  -1.0747,
  -1.0000,  -1.0250,  -1.0499,  -1.0747,  -1.0000,
  -1.0250,  -1.0499,  -1.0747,  -1.0000,  -1.0250,
  -1.0499,  -1.0747,  -1.0000,  -1.0250,  -1.0499,
  -1.0747,  -1.0000,  -1.0250,  -1.0499,  -1.0747,
  -1.0000,  -1.0250,  -1.0499,  -1.0747,  -1.0000,
  -1.0250,  -1.0499,  -1.0747,  -1.0000,  -1.0250,
  -1.0499,  -1.0747,  -1.0000,  -1.0250,  -1.0499,
  -1.0747,  -1.0000,  -1.0250,  -1.0499,  -1.0747,
  -1.0000,

第1點速度序列
  1.0000,   1.0000,   1.0000,   1.0000,   1.0000,
  1.0000,   1.0000,   1.0000,   1.0000,   1.0000,
  1.0000,   1.0000,   1.0000,   1.0000,   1.0000,
  1.0000,   1.0000,   1.0000,   1.0000,   1.0000,
  1.0000,   1.0000,   1.0000,   1.0000,   1.0000,
  1.0000,   1.0000,   1.0000,   1.0000,   1.0000,
  1.0000,   1.0000,   1.0000,   1.0000,   1.0000,
  1.0000,   1.0000,   1.0000,   1.0000,   1.0000,
  1.0000,   1.0000,   1.0000,   1.0000,   1.0000,
  1.0000,   1.0000,   1.0000,   1.0000,   1.0000,
  1.0000,   1.0000,   1.0000,   1.0000,   1.0000,
  1.0000,   1.0000,   1.0000,   1.0000,   1.0000,
  1.0000,   1.0000,   1.0000,   1.0000,   1.0000,
  1.0000,   1.0000,   1.0000,   1.0000,   1.0000,
  1.0000,   1.0000,   1.0000,   1.0000,   1.0000,
  1.0000,   1.0000,   1.0000,   1.0000,   1.0000,
  1.0000,   1.0000,   1.0000,   1.0000,   1.0000,
  1.0000,   1.0000,   1.0000,   1.0000,   1.0000,
  1.0000,   1.0000,   1.0000,   1.0000,   1.0000,
  1.0000,   1.0000,   1.0000,   1.0000,   1.0000,
  1.0000,

第0點加速度序列
  -0.0500,  -0.0499,  -0.0498,  -0.0494,  -0.0490,
  -0.0499,  -0.0498,  -0.0494,  -0.0500,  -0.0499,
  -0.0498,  -0.0494,  -0.0500,  -0.0499,  -0.0498,
  -0.0494,  -0.0500,  -0.0499,  -0.0498,  -0.0494,
  -0.0500,  -0.0499,  -0.0498,  -0.0494,  -0.0500,
  -0.0499,  -0.0498,  -0.0494,  -0.0500,  -0.0499,
  -0.0498,  -0.0494,  -0.0500,  -0.0499,  -0.0498,
  -0.0494,  -0.0500,  -0.0499,  -0.0498,  -0.0494,
  -0.0500,  -0.0499,  -0.0498,  -0.0494,  -0.0500,
  -0.0499,  -0.0498,  -0.0494,  -0.0500,  -0.0499,
  -0.0498,  -0.0494,  -0.0500,  -0.0499,  -0.0498,
  -0.0494,  -0.0500,  -0.0499,  -0.0498,  -0.0494,
  -0.0500,  -0.0499,  -0.0498,  -0.0494,  -0.0500,
  -0.0499,  -0.0498,  -0.0494,  -0.0500,  -0.0499,
  -0.0498,  -0.0494,  -0.0500,  -0.0499,  -0.0498,
  -0.0494,  -0.0500,  -0.0499,  -0.0498,  -0.0494,
  -0.0500,  -0.0499,  -0.0498,  -0.0494,  -0.0500,
  -0.0499,  -0.0498,  -0.0494,  -0.0500,  -0.0499,
  -0.0498,  -0.0494,  -0.0500,  -0.0499,  -0.0498,
  -0.0494,  -0.0500,  -0.0499,  -0.0498,  -0.0494,
  -0.0500,

第1點加速度序列
   0.0000,   0.0000,   0.0000,   0.0000,   0.0000,
   0.0000,   0.0000,   0.0000,   0.0000,   0.0000,
   0.0000,   0.0000,   0.0000,   0.0000,   0.0000,
   0.0000,   0.0000,   0.0000,   0.0000,   0.0000,
   0.0000,   0.0000,   0.0000,   0.0000,   0.0000,
   0.0000,   0.0000,   0.0000,   0.0000,   0.0000,
   0.0000,   0.0000,   0.0000,   0.0000,   0.0000,
   0.0000,   0.0000,   0.0000,   0.0000,   0.0000,
   0.0000,   0.0000,   0.0000,   0.0000,   0.0000,
   0.0000,   0.0000,   0.0000,   0.0000,   0.0000,
   0.0000,   0.0000,   0.0000,   0.0000,   0.0000,
   0.0000,   0.0000,   0.0000,   0.0000,   0.0000,
   0.0000,   0.0000,   0.0000,   0.0000,   0.0000,
   0.0000,   0.0000,   0.0000,   0.0000,   0.0000,
   0.0000,   0.0000,   0.0000,   0.0000,   0.0000,
   0.0000,   0.0000,   0.0000,   0.0000,   0.0000,
   0.0000,   0.0000,   0.0000,   0.0000,   0.0000,
   0.0000,   0.0000,   0.0000,   0.0000,   0.0000,
   0.0000,   0.0000,   0.0000,   0.0000,   0.0000,
   0.0000,   0.0000,   0.0000,   0.0000,   0.0000,
   0.0000,

請按任意鍵繼續 . . .
*/
